Time 0, Label 0:
 Center [-4.30229962  0.28184434  0.        ]
 Corners [[-5.2069521  -0.21495856  0.        ]
 [-3.39764714 -0.21495856  0.        ]
 [-3.39764714  0.77864724  0.        ]
 [-5.2069521   0.77864724  0.        ]]
 Dimensions [1.80930495 0.99360581 0.        ]
Time 1, Label 0:
 Center [-4.45133781  0.27730186  0.        ]
 Corners [[-5.34593964 -0.21145068  0.        ]
 [-3.55673599 -0.21145068  0.        ]
 [-3.55673599  0.76605439  0.        ]
 [-5.34593964  0.76605439  0.        ]]
 Dimensions [1.78920364 0.97750507 0.        ]
Time 2, Label 0:
 Center [-4.18645132  0.28549146  0.        ]
 Corners [[-5.497509   -0.21425779  0.        ]
 [-2.87539363 -0.21425779  0.        ]
 [-2.87539363  0.78524071  0.        ]
 [-5.497509    0.78524071  0.        ]]
 Dimensions [2.62211537 0.9994985  0.        ]
Time 3, Label 0:
 Center [-4.26981533  0.26691096  0.        ]
 Corners [[-5.62696218 -0.22741808  0.        ]
 [-2.91266847 -0.22741808  0.        ]
 [-2.91266847  0.76124001  0.        ]
 [-5.62696218  0.76124001  0.        ]]
 Dimensions [2.71429372 0.98865809 0.        ]
Time 4, Label 0:
 Center [-4.30672781  0.28658348  0.        ]
 Corners [[-5.66327096 -0.23968946  0.        ]
 [-2.93264437 -0.1920262   0.        ]
 [-2.95018466  0.81285642  0.        ]
 [-5.68081125  0.76519315  0.        ]]
 Dimensions [2.73104254 1.09973545 0.        ]
Time 5, Label 0:
 Center [-4.5201284   0.26793307  0.        ]
 Corners [[-5.90736663 -0.25772448  0.        ]
 [-3.11539006 -0.20899035  0.        ]
 [-3.13289018  0.79359062  0.        ]
 [-5.92486674  0.74485649  0.        ]]
 Dimensions [2.79240186 1.09957627 0.        ]
Time 6, Label 0:
 Center [-5.05874392  0.27623956  0.        ]
 Corners [[-5.97783733 -0.26291588  0.        ]
 [-4.12139416 -0.23051155  0.        ]
 [-4.13965052  0.815395    0.        ]
 [-5.99609369  0.78299067  0.        ]]
 Dimensions [1.85672596 1.11022744 0.        ]
Time 7, Label 0:
 Center [-4.74763489  0.28953031  0.        ]
 Corners [[-5.92993593 -0.23612224  0.        ]
 [-3.56533384 -0.23612224  0.        ]
 [-3.56533384  0.81518286  0.        ]
 [-5.92993593  0.81518286  0.        ]]
 Dimensions [2.36460209 1.0513051  0.        ]
Time 15, Label 0:
 Center [-4.8815918   0.50790379  0.        ]
 Corners [[-5.80199766  0.1248029   0.        ]
 [-3.96118593  0.1248029   0.        ]
 [-3.96118593  0.89100468  0.        ]
 [-5.80199766  0.89100468  0.        ]]
 Dimensions [1.84081173 0.76620178 0.        ]
Time 16, Label 0:
 Center [-4.90294719  0.52415778  0.        ]
 Corners [[-5.79525948  0.12638585  0.        ]
 [-4.0106349   0.12638585  0.        ]
 [-4.0106349   0.92192972  0.        ]
 [-5.79525948  0.92192972  0.        ]]
 Dimensions [1.78462458 0.79554386 0.        ]
Time 22, Label 0:
 Center [-5.44210649  0.58185122  0.        ]
 Corners [[-6.3170166   0.1596591   0.        ]
 [-4.56719637  0.1596591   0.        ]
 [-4.56719637  1.00404334  0.        ]
 [-6.3170166   1.00404334  0.        ]]
 Dimensions [1.74982023 0.84438424 0.        ]
Time 23, Label 0:
 Center [-5.41789103  0.5643939   0.        ]
 Corners [[-6.30511808  0.11832014  0.        ]
 [-4.53066397  0.11832014  0.        ]
 [-4.53066397  1.01046765  0.        ]
 [-6.30511808  1.01046765  0.        ]]
 Dimensions [1.77445412 0.8921475  0.        ]
