Time 0, Label 0:
 Center [4.04219961 2.50514734 0.5       ]
 Corners [[3.17885303 2.09813952 0.        ]
 [4.90554619 2.09813952 0.        ]
 [4.90554619 2.91215515 1.        ]
 [3.17885303 2.91215515 1.        ]]
 Dimensions [1.         1.72136244 0.82522848]
Time 5, Label 0:
 Center [4.32090926 2.00306765 0.5       ]
 Corners [[3.30238963 1.9398628  0.        ]
 [5.34135679 2.0110651  0.        ]
 [5.3394289  2.0662725  1.        ]
 [3.30046174 1.99507019 1.        ]]
 Dimensions [2.0382842  0.11038873 1.00545007]
Time 6, Label 0:
 Center [3.99983513 2.41275001 0.5       ]
 Corners [[3.06340671 2.01616263 0.        ]
 [4.93626356 2.01616263 0.        ]
 [4.93626356 2.80933738 1.        ]
 [3.06340671 2.80933738 1.        ]]
 Dimensions [1.         1.78527656 0.97442628]
Time 7, Label 0:
 Center [3.97293055 2.02101505 0.5       ]
 Corners [[3.04681277 2.00313783 0.        ]
 [4.89904833 2.00313783 0.        ]
 [4.89904833 2.03889227 1.        ]
 [3.04681277 2.03889227 1.        ]]
 Dimensions [1.         0.10191497 1.8497752 ]
Time 9, Label 0:
 Center [3.82067037 2.36588609 0.5       ]
 Corners [[3.00052738 1.97390723 0.        ]
 [4.64081335 1.97390723 0.        ]
 [4.64081335 2.75786495 1.        ]
 [3.00052738 2.75786495 1.        ]]
 Dimensions [1.         1.62896787 0.80721214]
Time 21, Label 0:
 Center [2.0571198 2.0635986 0.5      ]
 Corners [[1.36913511 1.43327418 0.        ]
 [2.95179237 1.7986594  0.        ]
 [2.74510448 2.69392302 1.        ]
 [1.16244722 2.3285378  1.        ]]
 Dimensions [ 0.84821606  2.06228225 -0.19459086]
Time 26, Label 0:
 Center [1.4129048  1.63193461 0.5       ]
 Corners [[0.69108032 1.46611774 0.        ]
 [2.1400765  1.49141006 0.        ]
 [2.13472929 1.79775148 1.        ]
 [0.68573311 1.77245916 1.        ]]
 Dimensions [1.45369906 0.04960544 1.05327978]
Time 27, Label 0:
 Center [1.95992738 1.62895805 0.5       ]
 Corners [[0.50492966 1.07713616 0.        ]
 [3.4149251  1.07713616 0.        ]
 [3.4149251  2.18077993 1.        ]
 [0.50492966 2.18077993 1.        ]]
 Dimensions [ 1.          1.13607742 -2.89748704]
Time 28, Label 0:
 Center [1.72676941 1.40641415 0.5       ]
 Corners [[0.36169591 0.92158676 0.        ]
 [3.13504314 1.06693172 0.        ]
 [3.0918429  1.89124154 1.        ]
 [0.31849567 1.74589657 1.        ]]
 Dimensions [2.80677545 0.26021526 1.38847428]
Time 29, Label 0:
 Center [1.15160858 1.39589177 0.5       ]
 Corners [[0.35826776 1.01907603 0.        ]
 [1.97999136 1.10406696 0.        ]
 [1.94494939 1.77270752 1.        ]
 [0.3232258  1.68771659 1.        ]]
 Dimensions [1.65075903 0.1579954  1.25023199]
