Time 0, Label 0:
 Center [-4.30229962  0.28184434  0.5       ]
 Corners [[-5.2069521  -0.21495856  0.        ]
 [-3.39764714 -0.21495856  0.        ]
 [-3.39764714  0.77864724  1.        ]
 [-5.2069521   0.77864724  1.        ]]
 Dimensions [1.         1.98009706 0.58314023]
Time 1, Label 0:
 Center [-4.45133781  0.27730186  0.5       ]
 Corners [[-5.34593964 -0.21145068  0.        ]
 [-3.55673599 -0.21145068  0.        ]
 [-3.55673599  0.76605439  1.        ]
 [-5.34593964  0.76605439  1.        ]]
 Dimensions [1.         1.94970335 0.59617337]
Time 2, Label 0:
 Center [-4.18645132  0.28549146  0.5       ]
 Corners [[-5.497509   -0.21425779  0.        ]
 [-2.87539363 -0.21425779  0.        ]
 [-2.87539363  0.78524071  1.        ]
 [-5.497509    0.78524071  1.        ]]
 Dimensions [1.         2.56057988 1.14800565]
Time 3, Label 0:
 Center [-4.26981533  0.26691096  0.5       ]
 Corners [[-5.62696218 -0.22741808  0.        ]
 [-2.91266847 -0.22741808  0.        ]
 [-2.91266847  0.76124001  1.        ]
 [-5.62696218  0.76124001  1.        ]]
 Dimensions [1.         2.61138064 1.23512199]
Time 4, Label 0:
 Center [-4.30672781  0.28658348  0.5       ]
 Corners [[-5.66327096 -0.23968946  0.        ]
 [-2.93264437 -0.1920262   0.        ]
 [-2.95018466  0.81285642  1.        ]
 [-5.68081125  0.76519315  1.        ]]
 Dimensions [2.74715972 0.08168322 1.45145785]
Time 5, Label 0:
 Center [-4.5201284   0.26793307  0.5       ]
 Corners [[-5.90736663 -0.25772448  0.        ]
 [-3.11539006 -0.20899035  0.        ]
 [-3.13289018  0.79359062  1.        ]
 [-5.92486674  0.74485649  1.        ]]
 Dimensions [2.80844631 0.08354788 1.450547  ]
Time 6, Label 0:
 Center [-5.05874392  0.27623956  0.5       ]
 Corners [[-5.97783733 -0.26291588  0.        ]
 [-4.12139416 -0.23051155  0.        ]
 [-4.13965052  0.815395    1.        ]
 [-5.99609369  0.78299067  1.        ]]
 Dimensions [1.8740213  0.05521646 1.47046179]
Time 7, Label 0:
 Center [-4.74763489  0.28953031  0.5       ]
 Corners [[-5.92993593 -0.23612224  0.        ]
 [-3.56533384 -0.23612224  0.        ]
 [-3.56533384  0.81518286  1.        ]
 [-5.92993593  0.81518286  1.        ]]
 Dimensions [ 1.          0.86795803 -2.43787496]
Time 15, Label 0:
 Center [-4.8815918   0.50790379  0.5       ]
 Corners [[-5.80199766  0.1248029   0.        ]
 [-3.96118593  0.1248029   0.        ]
 [-3.96118593  0.89100468  1.        ]
 [-5.80199766  0.89100468  1.        ]]
 Dimensions [1.         1.72777915 0.9952046 ]
Time 16, Label 0:
 Center [-4.90294719  0.52415778  0.5       ]
 Corners [[-5.79525948  0.12638585  0.        ]
 [-4.0106349   0.12638585  0.        ]
 [-4.0106349   0.92192972  1.        ]
 [-5.79525948  0.92192972  1.        ]]
 Dimensions [1.         1.73361363 0.90130944]
Time 22, Label 0:
 Center [-5.44210649  0.58185122  0.5       ]
 Corners [[-6.3170166   0.1596591   0.        ]
 [-4.56719637  0.1596591   0.        ]
 [-4.56719637  1.00404334  1.        ]
 [-6.3170166   1.00404334  1.        ]]
 Dimensions [1.         1.77405743 0.79219684]
Time 23, Label 0:
 Center [-5.41789103  0.5643939   0.5       ]
 Corners [[-6.30511808  0.11832014  0.        ]
 [-4.53066397  0.11832014  0.        ]
 [-4.53066397  1.01046765  1.        ]
 [-6.30511808  1.01046765  1.        ]]
 Dimensions [1.         1.84701257 0.73017747]
